1.jpg:21475, 104009, 37, 0, 23, 273718, 1571, 0, 0, 0, 0, 0, 0, 0, 0, 0, 5322, 22276, 32, 0, 7412, 6668, 1030, 0, 2, 7, 87, 34, 0, 0, 0, 0, 28, 160, 0, 0, 707, 38267, 4280, 0, 493, 1801, 985, 147, 8, 19, 1, 42, 0, 0, 0, 0, 0, 1, 0, 0, 1521, 12541, 2660, 462, 20493, 3149, 2179, 7313
2.jpg:11251, 99, 0, 0, 37, 45, 0, 0, 0, 0, 0, 0, 0, 0, 0, 0, 5638, 100, 0, 0, 12680, 80098, 1163, 0, 0, 85, 1451, 0, 0, 0, 0, 0, 0, 0, 0, 0, 0, 10564, 98, 0, 0, 3530, 28305, 3087, 0, 0, 2, 408, 0, 0, 0, 0, 0, 0, 0, 0, 0, 0, 101, 99, 0, 0, 50, 1109
968361.jpg:282973, 4663, 1697, 1032, 2446, 2369, 1482, 677, 985, 1070, 1068, 1007, 530, 1154, 1129, 807, 32752, 7806, 2894, 902, 2331, 1552, 323, 12, 1219, 1102, 622, 134, 1006, 399, 302, 183, 2612, 2082, 2416, 995, 1952, 764, 127, 2, 879, 590, 4, 0, 1196, 206, 0, 0, 652, 1402, 1415, 800, 975, 63, 5, 2, 1024, 330, 1, 0, 1119, 331, 1, 0
aid104549-728px-Create-a-Random-Abstract-Drawing-Step-6.jpg:30695, 361, 0, 0, 15, 852, 249, 0, 0, 0, 209, 179, 0, 0, 0, 0, 396, 44, 0, 0, 10, 2090, 397, 0, 0, 34, 242592, 3966, 0, 0, 0, 0, 0, 0, 0, 0, 0, 2, 1, 0, 0, 11, 101056, 131, 0, 0, 1028, 11064, 0, 0, 0, 0, 0, 0, 0, 0, 0, 0, 6, 4, 0, 0, 40, 2056
childrensbook.jpg:7667, 590, 0, 0, 126, 126, 1, 0, 0, 0, 0, 0, 0, 0, 0, 0, 1536, 50, 0, 0, 1343, 1366, 159, 0, 199, 46, 188, 1430, 1, 0, 0, 0, 348, 6, 0, 0, 400, 598, 18, 0, 4224, 988, 1254, 130, 21, 19, 16, 3437, 1079, 3, 0, 0, 1506, 277, 1, 0, 1703, 920, 7189, 16, 265674, 3099, 3086, 16060
cropped-vector-april30.jpg:35765, 860, 0, 0, 1, 362, 9, 0, 0, 0, 0, 0, 0, 0, 0, 0, 22491, 413, 0, 0, 35820, 2292, 994, 0, 0, 0, 735, 1147, 0, 0, 0, 0, 0, 0, 0, 0, 4, 48, 5, 0, 0, 21, 1761, 1039333, 0, 0, 1, 7406, 0, 0, 0, 0, 0, 0, 0, 0, 0, 0, 15, 6, 0, 0, 2, 115009
dev_random.png:248496, 0, 0, 0, 18788, 0, 0, 0, 16976, 0, 0, 0, 38222, 0, 0, 0, 0, 0, 0, 0, 0, 0, 0, 0, 0, 0, 0, 0, 0, 0, 0, 0, 0, 0, 0, 0, 0, 0, 0, 0, 0, 0, 0, 0, 0, 0, 0, 0, 0, 0, 0, 0, 0, 0, 0, 0, 0, 0, 0, 0, 0, 0, 0, 0
DSC_0070.jpg:292077, 2, 0, 0, 21, 0, 0, 0, 0, 0, 0, 0, 0, 0, 0, 0, 9343, 3, 0, 0, 14619, 3663, 0, 0, 0, 4, 0, 0, 0, 0, 0, 0, 0, 0, 0, 0, 857, 6125, 7, 0, 1, 7499, 1357, 3, 0, 0, 0, 0, 0, 0, 0, 0, 0, 0, 0, 0, 0, 1314, 1762, 10, 0, 0, 1209, 327124
p039bvgt.jpg:11543, 179, 0, 0, 2985, 63525, 156, 0, 0, 3787, 17239, 0, 0, 0, 0, 0, 909, 29, 0, 0, 472, 382, 10, 0, 14, 90, 240, 0, 0, 0, 0, 0, 3617, 34, 0, 0, 1190, 1518, 51, 0, 66, 700, 211, 14, 0, 13, 24, 10, 1385, 26, 0, 0, 4076, 12553, 153, 0, 0, 364, 1006, 268, 0, 18, 184, 559
Peg-leg-puppy-random-7503700-329-306.jpg:1373, 6, 0, 0, 0, 1, 0, 0, 0, 0, 0, 0, 0, 0, 0, 0, 4130, 94, 0, 0, 2447, 7663, 4, 0, 0, 3, 2, 0, 0, 0, 0, 0, 0, 0, 0, 0, 511, 20963, 23, 0, 0, 15024, 18531, 1, 0, 0, 6, 1, 0, 0, 0, 0, 0, 94, 2, 0, 0, 5903, 13278, 3, 0, 0, 3409, 7202
penguins.jpg:25328, 24, 0, 0, 9, 15, 0, 0, 0, 0, 0, 0, 0, 0, 0, 0, 612, 5, 0, 0, 932, 1122, 14, 0, 0, 2, 8, 0, 0, 0, 0, 0, 0, 0, 0, 0, 914, 1083, 1, 0, 0, 2, 886, 17, 0, 0, 4, 12, 0, 0, 0, 0, 272464, 3687, 0, 0, 1, 18, 1, 0, 0, 0, 2, 19737
plasma-775169_960_720.jpg:0, 56, 0, 0, 333, 9758, 233, 1, 267, 2254, 793, 0, 0, 98, 680, 0, 14, 849, 7612, 957, 3620, 17605, 16321, 7057, 8098, 25816, 9265, 2481, 97, 3379, 900, 25, 13634, 28551, 22979, 2630, 18284, 39435, 56944, 16976, 6204, 32276, 30406, 16337, 0, 859, 2127, 75, 15487, 7932, 145, 23, 3108, 15310, 4562, 570, 163, 21779, 37422, 1923, 0, 2578, 1104, 8
random-29217.jpg:12281, 92, 0, 0, 62, 52, 0, 0, 0, 0, 0, 0, 0, 0, 0, 0, 1760, 32, 0, 0, 1104, 7808, 15, 0, 0, 9, 3, 0, 0, 0, 0, 0, 0, 0, 0, 0, 40, 8097, 5, 0, 1203, 1206, 16753, 4, 0, 0, 18, 2, 0, 0, 0, 0, 0, 0, 0, 0, 0, 0, 18, 0, 0, 0, 13, 123
random-animals-animals-8676039-1600-1200.jpg:527748, 6011, 0, 0, 4132, 11202, 0, 0, 0, 0, 0, 0, 0, 0, 0, 0, 219795, 2477, 0, 0, 220466, 231791, 424, 0, 0, 1121, 200, 0, 0, 0, 0, 0, 0, 0, 0, 0, 853, 136147, 848, 0, 0, 98856, 19616, 184, 0, 0, 6, 82, 0, 0, 0, 0, 0, 1, 0, 0, 0, 56105, 180514, 29, 0, 0, 148123, 53269
Random-black.jpg:321476, 35, 0, 0, 318, 396, 0, 0, 0, 0, 0, 0, 0, 0, 0, 0, 2890, 207, 0, 0, 10891, 191913, 3, 0, 0, 23, 16, 0, 0, 0, 0, 0, 228, 34, 0, 0, 31, 1860, 41, 0, 0, 1103, 32180, 3, 0, 0, 14, 14, 122, 52, 0, 0, 31, 1919, 12, 0, 0, 79, 1545, 90, 0, 0, 962, 2263512
random-image-13.jpg:516816, 0, 0, 0, 0, 0, 0, 0, 0, 0, 0, 0, 0, 0, 0, 0, 0, 0, 0, 0, 0, 0, 0, 0, 0, 0, 0, 0, 0, 0, 0, 0, 0, 0, 0, 0, 0, 0, 0, 0, 0, 0, 0, 0, 0, 0, 0, 0, 0, 0, 0, 0, 0, 0, 0, 0, 0, 0, 0, 0, 0, 0, 0, 522544
random-phases.jpg:0, 0, 1, 84963, 0, 0, 5, 104456, 0, 1, 5, 87077, 95131, 132559, 173945, 94987, 0, 0, 5, 90640, 0, 0, 7, 20, 3, 4, 8, 224, 99355, 49, 24, 26, 0, 3, 27, 128322, 5, 12, 15, 230, 26, 2, 0, 0, 136035, 283, 0, 0, 95363, 78956, 152886, 132914, 93442, 39, 46, 153, 81401, 60, 0, 0, 87595, 290, 0, 0
tumblr_static_cxperrxbf7cw4wggwwsgcw8ko.jpg:1721, 2, 0, 0, 42, 4, 0, 0, 226, 239, 0, 0, 2640, 472, 0, 0, 36, 20, 0, 0, 7, 534, 1, 0, 193, 34493, 417, 0, 104, 8669, 145, 0, 0, 3554, 1, 0, 0, 2329, 362, 0, 0, 1279, 3732, 0, 0, 2573, 73303, 89, 0, 3331, 11, 0, 0, 456, 44679, 0, 0, 5, 16401, 316, 0, 0, 1830, 65784
